 MutProb SubProb DupProb DelProb MeanEditsPerBit StDevEditsPerBit MedianEditsPerBit UpperQuartileEditsPerBit LowerQuartileEditsPerBit
1 1 0 0 0.001 0 0 0 0 0
2 1 0 0 0.0014 0 0 0 0 0
3 1 0 0 0.002 0 0 0 0 0
4 1 0 0 0.0028 0 0 0 0 0
5 1 0 0 0.004 0 0 0 0 0
6 1 0 0 0.0057 0 0 0 0 0
7 1 0 0 0.008 0 0 0 0 0
8 1 0 0 0.011 0 0 0 0 0
9 1 0 0 0.016 0 0 0 0 0
10 1 0 0 0.023 0.00028076171875 0.00122381195924604 0 0 0
11 1 0 0 0.032 0.0576171875 0.0111551161758891 0.059326171875 0.06640625 0.0477294921875
12 1 0 0 0.045 0.10626220703125 0.00423277818476499 0.106201171875 0.109375 0.1041259765625
13 1 0 0 0.064 0.171417236328125 0.0248561018401985 0.16748046875 0.171142578125 0.159423828125
14 1 0 0 0.09 0.325408935546875 0.00150739537532264 0.3253173828125 0.3267822265625 0.3245849609375
15 1 0 0 0.128 0.625 0 0.625 0.625 0.625
16 1 0 0 0.18 1 0 1 1 1
17 1 0 0 0.26 1 0 1 1 1
18 1 0 0 0.36 1 0 1 1 1
19 1 0 0 0.5 1 0 1 1 1
