 MutProb SubProb DupProb DelProb MeanEditsPerBit StDevEditsPerBit MedianEditsPerBit UpperQuartileEditsPerBit LowerQuartileEditsPerBit
1 1 0 0 0.001 0 0 0 0 0
2 1 0 0 0.0014 0 0 0 0 0
3 1 0 0 0.002 0 0 0 0 0
4 1 0 0 0.0028 0 0 0 0 0
5 1 0 0 0.004 0 0 0 0 0
6 1 0 0 0.0057 0 0 0 0 0
7 1 0 0 0.008 0 0 0 0 0
8 1 0 0 0.011 0 0 0 0 0
9 1 0 0 0.016 0 0 0 0 0
10 1 0 0 0.023 0.000518798828125 0.00172066105456671 0 0 0
11 1 0 0 0.032 0.0531005859375 0.00484605303742168 0.054931640625 0.057373046875 0.0496826171875
12 1 0 0 0.045 0.106058756510417 0.00626670538682342 0.10546875 0.1094970703125 0.102294921875
13 1 0 0 0.064 0.235544840494792 0.0220382535420049 0.242431640625 0.2435302734375 0.24072265625
14 1 0 0 0.09 0.3253173828125 0.00171695847052617 0.326171875 0.3271484375 0.3232421875
15 1 0 0 0.128 0.625 0 0.625 0.625 0.625
16 1 0 0 0.18 1 0 1 1 1
17 1 0 0 0.26 1 0 1 1 1
18 1 0 0 0.36 1 0 1 1 1
19 1 0 0 0.5 1 0 1 1 1
